#Mapping quality	mapping quality
0.0	2590.0
1.0	5840.0
2.0	58.0
3.0	60.0
4.0	19.0
5.0	10.0
6.0	30.0
7.0	6.0
8.0	88.0
9.0	14.0
10.0	74.0
11.0	14.0
12.0	153.0
13.0	15.0
14.0	22.0
15.0	230.0
16.0	8.0
17.0	47.0
18.0	49.0
19.0	29.0
20.0	318.0
21.0	14.0
22.0	24.0
23.0	38.0
24.0	53.0
25.0	36.0
26.0	40.0
27.0	51.0
28.0	43.0
29.0	32.0
30.0	790.0
31.0	43.0
32.0	41.0
33.0	38.0
34.0	65.0
35.0	56.0
36.0	192.0
37.0	35.0
38.0	32.0
39.0	33.0
40.0	379.0
41.0	31.0
42.0	94.0
43.0	132.0
44.0	43.0
45.0	390.0
46.0	156.0
47.0	28.0
48.0	118.0
49.0	49.0
50.0	89.0
51.0	88.0
52.0	142.0
53.0	119.0
54.0	156.0
55.0	247.0
56.0	403.0
57.0	147.0
58.0	288.0
59.0	1054.0
60.0	272902.0
