#Insert size (bp)	insert size
41.0	1.0
42.0	1.0
43.0	1.0
44.0	1.0
54.0	1.0
56.0	1.0
59.0	1.0
64.0	1.0
66.0	1.0
68.0	2.0
73.0	3.0
76.0	56.0
78.0	1.0
80.0	3.0
82.0	3.0
85.0	1.0
86.0	2.0
88.0	2.0
89.0	1.0
90.0	1.0
91.0	2.0
92.0	2.0
93.0	2.0
94.0	5.0
95.0	1.0
96.0	2.0
98.0	2.0
99.0	2.0
101.0	7.0
102.0	6.0
104.0	5.0
105.0	6.0
106.0	3.0
108.0	4.0
109.0	6.0
110.0	7.0
111.0	7.0
112.0	7.0
113.0	12.0
114.0	6.0
115.0	19.0
116.0	15.0
117.0	23.0
118.0	28.0
119.0	22.0
120.0	16.0
121.0	27.0
122.0	43.0
123.0	29.0
124.0	39.0
125.0	44.0
126.0	57.0
127.0	52.0
128.0	56.0
129.0	84.0
130.0	103.0
131.0	95.0
132.0	144.0
133.0	120.0
134.0	144.0
135.0	142.0
136.0	142.0
137.0	163.0
138.0	191.0
139.0	213.0
140.0	196.0
141.0	232.0
142.0	202.0
143.0	286.0
144.0	273.0
145.0	274.0
146.0	290.0
147.0	294.0
148.0	334.0
149.0	379.0
150.0	337.0
151.0	385.0
152.0	378.0
153.0	388.0
154.0	415.0
155.0	360.0
156.0	376.0
157.0	401.0
158.0	422.0
159.0	410.0
160.0	337.0
161.0	382.0
162.0	352.0
163.0	377.0
164.0	317.0
165.0	343.0
166.0	332.0
167.0	332.0
168.0	299.0
169.0	263.0
170.0	268.0
171.0	232.0
172.0	248.0
173.0	208.0
174.0	206.0
175.0	185.0
176.0	166.0
177.0	135.0
178.0	130.0
179.0	126.0
180.0	102.0
181.0	99.0
182.0	77.0
183.0	81.0
184.0	59.0
185.0	47.0
186.0	54.0
187.0	24.0
188.0	27.0
189.0	23.0
190.0	28.0
191.0	14.0
192.0	15.0
193.0	21.0
194.0	5.0
195.0	10.0
196.0	12.0
197.0	2.0
198.0	4.0
200.0	3.0
201.0	4.0
202.0	3.0
204.0	3.0
208.0	1.0
212.0	1.0
213.0	1.0
215.0	1.0
220.0	2.0
221.0	1.0
222.0	1.0
225.0	1.0
243.0	2.0
245.0	1.0
246.0	1.0
254.0	1.0
255.0	1.0
271.0	1.0
282.0	1.0
284.0	1.0
289.0	1.0
305.0	1.0
326.0	1.0
332.0	1.0
