#Coverage	Number of genomic locations
0.0	5.1154027E7
1.0	46026.0
2.0	19395.0
3.0	11330.0
4.0	9785.0
5.0	6858.0
6.0	5617.0
7.0	4467.0
8.0	3697.0
9.0	3036.0
10.0	2541.0
11.0	2174.0
12.0	1835.0
13.0	1351.0
14.0	1101.0
15.0	1117.0
16.0	992.0
17.0	935.0
18.0	902.0
19.0	779.0
20.0	774.0
21.0	795.0
22.0	692.0
23.0	615.0
24.0	593.0
25.0	582.0
26.0	499.0
27.0	464.0
28.0	439.0
29.0	478.0
30.0	497.0
31.0	488.0
32.0	380.0
33.0	389.0
34.0	334.0
35.0	315.0
36.0	342.0
37.0	304.0
38.0	324.0
39.0	321.0
40.0	352.0
41.0	283.0
42.0	302.0
43.0	292.0
44.0	304.0
45.0	263.0
46.0	230.0
47.0	266.0
48.0	176.0
49.0	203.0
50.0	184.0
51.0	199.0
52.0	230.0
53.0	210.0
54.0	190.0
55.0	186.0
56.0	169.0
57.0	171.0
58.0	208.0
59.0	154.0
60.0	162.0
61.0	188.0
62.0	181.0
63.0	182.0
64.0	142.0
65.0	133.0
66.0	165.0
67.0	184.0
68.0	176.0
69.0	163.0
70.0	125.0
71.0	169.0
72.0	174.0
73.0	148.0
74.0	97.0
75.0	108.0
76.0	98.0
77.0	129.0
78.0	141.0
79.0	110.0
80.0	149.0
81.0	110.0
82.0	110.0
83.0	120.0
84.0	131.0
85.0	158.0
86.0	139.0
87.0	129.0
88.0	155.0
89.0	114.0
90.0	117.0
91.0	97.0
92.0	116.0
93.0	106.0
94.0	115.0
95.0	76.0
96.0	75.0
97.0	67.0
98.0	80.0
99.0	79.0
100.0	81.0
101.0	79.0
102.0	85.0
103.0	81.0
104.0	76.0
105.0	62.0
106.0	75.0
107.0	92.0
108.0	71.0
109.0	71.0
110.0	83.0
111.0	83.0
112.0	88.0
113.0	87.0
114.0	76.0
115.0	67.0
116.0	72.0
117.0	68.0
118.0	48.0
119.0	47.0
120.0	51.0
121.0	62.0
122.0	64.0
123.0	54.0
124.0	69.0
125.0	46.0
126.0	53.0
127.0	42.0
128.0	44.0
129.0	40.0
130.0	43.0
131.0	41.0
132.0	34.0
133.0	31.0
134.0	39.0
135.0	46.0
136.0	28.0
137.0	39.0
138.0	42.0
139.0	40.0
140.0	55.0
141.0	30.0
142.0	28.0
143.0	26.0
144.0	26.0
145.0	14.0
146.0	18.0
147.0	24.0
148.0	19.0
149.0	16.0
150.0	16.0
151.0	19.0
152.0	22.0
153.0	9.0
154.0	18.0
155.0	21.0
156.0	35.0
157.0	18.0
158.0	18.0
159.0	18.0
160.0	23.0
161.0	15.0
162.0	20.0
163.0	15.0
164.0	12.0
165.0	20.0
166.0	13.0
167.0	9.0
168.0	16.0
169.0	25.0
170.0	23.0
171.0	18.0
172.0	16.0
173.0	15.0
174.0	19.0
175.0	21.0
176.0	11.0
177.0	17.0
178.0	18.0
179.0	31.0
180.0	28.0
181.0	21.0
182.0	26.0
183.0	12.0
184.0	10.0
185.0	10.0
186.0	12.0
187.0	26.0
188.0	21.0
189.0	11.0
190.0	14.0
191.0	8.0
192.0	15.0
193.0	13.0
194.0	9.0
195.0	9.0
196.0	11.0
197.0	12.0
198.0	7.0
199.0	22.0
200.0	16.0
201.0	10.0
202.0	9.0
203.0	10.0
204.0	13.0
205.0	9.0
206.0	11.0
207.0	7.0
208.0	6.0
209.0	17.0
210.0	16.0
211.0	11.0
212.0	17.0
213.0	9.0
214.0	24.0
215.0	4.0
216.0	13.0
217.0	7.0
218.0	16.0
219.0	15.0
220.0	13.0
221.0	21.0
222.0	7.0
223.0	9.0
224.0	15.0
225.0	9.0
226.0	8.0
227.0	10.0
228.0	11.0
229.0	9.0
230.0	8.0
231.0	11.0
232.0	16.0
233.0	14.0
234.0	24.0
235.0	12.0
236.0	9.0
237.0	13.0
238.0	11.0
239.0	5.0
240.0	3.0
241.0	13.0
242.0	12.0
243.0	9.0
244.0	11.0
245.0	4.0
246.0	11.0
247.0	4.0
248.0	7.0
249.0	7.0
250.0	12.0
251.0	10.0
252.0	7.0
253.0	5.0
254.0	18.0
255.0	13.0
256.0	12.0
257.0	7.0
258.0	11.0
259.0	17.0
260.0	11.0
261.0	8.0
262.0	9.0
263.0	6.0
264.0	9.0
265.0	11.0
266.0	10.0
267.0	9.0
268.0	5.0
269.0	14.0
270.0	11.0
271.0	7.0
272.0	4.0
273.0	8.0
274.0	10.0
275.0	7.0
276.0	7.0
277.0	9.0
278.0	7.0
279.0	6.0
280.0	5.0
281.0	6.0
282.0	8.0
283.0	8.0
284.0	16.0
285.0	20.0
286.0	10.0
287.0	8.0
288.0	9.0
289.0	8.0
290.0	5.0
291.0	7.0
292.0	7.0
293.0	9.0
294.0	5.0
295.0	4.0
296.0	6.0
297.0	5.0
298.0	10.0
299.0	10.0
300.0	17.0
301.0	7.0
302.0	6.0
303.0	12.0
304.0	11.0
305.0	9.0
306.0	4.0
307.0	12.0
308.0	16.0
309.0	14.0
310.0	8.0
311.0	7.0
312.0	9.0
313.0	13.0
314.0	16.0
315.0	7.0
316.0	13.0
317.0	9.0
318.0	10.0
319.0	4.0
320.0	10.0
321.0	13.0
322.0	7.0
323.0	14.0
324.0	13.0
325.0	7.0
326.0	8.0
327.0	4.0
328.0	3.0
329.0	5.0
330.0	10.0
331.0	6.0
332.0	9.0
333.0	16.0
334.0	7.0
335.0	15.0
336.0	12.0
337.0	9.0
338.0	9.0
339.0	7.0
340.0	4.0
341.0	8.0
342.0	5.0
343.0	5.0
344.0	3.0
345.0	7.0
346.0	3.0
347.0	5.0
348.0	2.0
349.0	5.0
350.0	2.0
351.0	6.0
353.0	8.0
354.0	4.0
355.0	5.0
356.0	5.0
357.0	3.0
358.0	2.0
359.0	2.0
360.0	3.0
361.0	5.0
362.0	6.0
363.0	6.0
364.0	3.0
365.0	4.0
366.0	6.0
367.0	9.0
368.0	5.0
369.0	4.0
370.0	4.0
371.0	3.0
372.0	2.0
373.0	2.0
374.0	4.0
375.0	6.0
376.0	8.0
377.0	4.0
378.0	5.0
379.0	10.0
380.0	12.0
381.0	7.0
382.0	6.0
383.0	7.0
384.0	10.0
385.0	1.0
386.0	6.0
387.0	8.0
388.0	5.0
389.0	11.0
390.0	9.0
391.0	9.0
392.0	4.0
393.0	3.0
394.0	4.0
395.0	3.0
396.0	3.0
397.0	4.0
398.0	2.0
399.0	2.0
400.0	6.0
401.0	3.0
402.0	8.0
403.0	6.0
404.0	6.0
405.0	4.0
406.0	4.0
407.0	3.0
408.0	7.0
409.0	2.0
410.0	7.0
411.0	5.0
412.0	3.0
413.0	9.0
414.0	3.0
415.0	2.0
416.0	8.0
417.0	4.0
418.0	2.0
419.0	4.0
420.0	8.0
421.0	1.0
422.0	8.0
423.0	3.0
424.0	3.0
425.0	7.0
426.0	6.0
427.0	5.0
428.0	11.0
429.0	4.0
430.0	9.0
431.0	6.0
432.0	6.0
433.0	7.0
434.0	4.0
435.0	8.0
436.0	4.0
437.0	1.0
438.0	3.0
439.0	9.0
440.0	5.0
441.0	5.0
442.0	3.0
443.0	3.0
444.0	5.0
445.0	2.0
446.0	7.0
447.0	3.0
448.0	7.0
449.0	3.0
450.0	5.0
451.0	3.0
452.0	8.0
453.0	9.0
454.0	8.0
455.0	3.0
456.0	2.0
457.0	4.0
458.0	1.0
459.0	4.0
460.0	2.0
461.0	3.0
463.0	4.0
464.0	4.0
465.0	2.0
466.0	4.0
467.0	3.0
468.0	2.0
469.0	2.0
470.0	4.0
471.0	2.0
472.0	2.0
473.0	7.0
474.0	4.0
475.0	7.0
476.0	4.0
477.0	4.0
478.0	4.0
479.0	3.0
481.0	3.0
482.0	5.0
483.0	2.0
484.0	1.0
485.0	6.0
486.0	2.0
487.0	2.0
488.0	2.0
489.0	1.0
490.0	5.0
491.0	2.0
492.0	2.0
493.0	2.0
495.0	2.0
497.0	3.0
498.0	3.0
499.0	1.0
500.0	1.0
501.0	5.0
502.0	3.0
503.0	1.0
504.0	1.0
506.0	1.0
507.0	1.0
508.0	2.0
510.0	2.0
511.0	3.0
512.0	3.0
513.0	2.0
514.0	1.0
515.0	7.0
516.0	2.0
517.0	6.0
518.0	2.0
519.0	3.0
520.0	1.0
521.0	1.0
522.0	2.0
523.0	3.0
525.0	1.0
528.0	1.0
529.0	1.0
530.0	2.0
531.0	3.0
532.0	3.0
533.0	1.0
534.0	1.0
535.0	1.0
536.0	1.0
537.0	2.0
538.0	2.0
540.0	1.0
541.0	2.0
543.0	1.0
544.0	2.0
546.0	2.0
547.0	1.0
548.0	1.0
549.0	4.0
550.0	1.0
552.0	2.0
553.0	1.0
556.0	1.0
557.0	5.0
558.0	1.0
559.0	1.0
560.0	1.0
562.0	2.0
563.0	1.0
564.0	2.0
565.0	3.0
567.0	3.0
568.0	2.0
570.0	3.0
571.0	1.0
572.0	1.0
573.0	1.0
575.0	1.0
576.0	1.0
579.0	2.0
580.0	2.0
581.0	1.0
582.0	3.0
583.0	1.0
584.0	2.0
586.0	1.0
587.0	3.0
589.0	1.0
591.0	2.0
592.0	4.0
593.0	3.0
594.0	3.0
595.0	3.0
596.0	3.0
597.0	2.0
598.0	4.0
599.0	2.0
600.0	5.0
602.0	2.0
604.0	1.0
605.0	1.0
606.0	2.0
608.0	1.0
609.0	1.0
611.0	1.0
614.0	1.0
615.0	2.0
616.0	4.0
619.0	1.0
620.0	3.0
621.0	2.0
622.0	1.0
624.0	1.0
625.0	3.0
628.0	3.0
629.0	4.0
637.0	1.0
638.0	1.0
640.0	2.0
642.0	1.0
643.0	1.0
646.0	3.0
647.0	1.0
648.0	1.0
649.0	1.0
651.0	2.0
652.0	1.0
654.0	2.0
655.0	2.0
656.0	2.0
658.0	2.0
659.0	3.0
660.0	1.0
661.0	1.0
663.0	1.0
664.0	1.0
666.0	1.0
667.0	1.0
668.0	2.0
669.0	1.0
670.0	1.0
671.0	2.0
672.0	2.0
673.0	2.0
675.0	1.0
676.0	1.0
677.0	2.0
680.0	1.0
681.0	2.0
682.0	2.0
683.0	2.0
684.0	5.0
685.0	3.0
686.0	2.0
687.0	1.0
688.0	1.0
690.0	4.0
691.0	6.0
692.0	3.0
693.0	3.0
694.0	3.0
695.0	1.0
696.0	7.0
697.0	3.0
698.0	2.0
700.0	1.0
701.0	3.0
702.0	2.0
703.0	1.0
704.0	1.0
705.0	1.0
706.0	1.0
707.0	3.0
708.0	2.0
709.0	4.0
710.0	1.0
711.0	1.0
715.0	3.0
717.0	2.0
718.0	3.0
719.0	2.0
720.0	2.0
721.0	1.0
722.0	2.0
723.0	1.0
724.0	2.0
725.0	1.0
726.0	4.0
727.0	1.0
728.0	4.0
729.0	1.0
731.0	1.0
733.0	2.0
735.0	1.0
738.0	2.0
739.0	1.0
740.0	3.0
741.0	1.0
742.0	3.0
743.0	1.0
744.0	2.0
745.0	4.0
746.0	1.0
747.0	2.0
750.0	1.0
751.0	2.0
752.0	1.0
753.0	2.0
754.0	2.0
755.0	4.0
756.0	3.0
757.0	2.0
758.0	2.0
759.0	2.0
760.0	2.0
761.0	2.0
762.0	6.0
764.0	3.0
765.0	1.0
766.0	1.0
767.0	3.0
768.0	4.0
769.0	2.0
770.0	5.0
771.0	1.0
772.0	2.0
773.0	1.0
774.0	3.0
775.0	1.0
776.0	1.0
777.0	3.0
778.0	5.0
779.0	3.0
780.0	4.0
781.0	4.0
782.0	3.0
783.0	2.0
784.0	3.0
785.0	1.0
786.0	3.0
787.0	2.0
788.0	1.0
789.0	1.0
790.0	2.0
791.0	4.0
792.0	3.0
793.0	3.0
794.0	2.0
795.0	1.0
796.0	4.0
798.0	2.0
800.0	1.0
801.0	6.0
802.0	1.0
803.0	2.0
804.0	5.0
806.0	3.0
807.0	1.0
808.0	1.0
809.0	1.0
810.0	2.0
811.0	1.0
814.0	1.0
815.0	1.0
816.0	2.0
817.0	2.0
819.0	2.0
820.0	1.0
821.0	1.0
823.0	3.0
824.0	1.0
825.0	2.0
826.0	2.0
827.0	2.0
828.0	3.0
829.0	4.0
830.0	3.0
832.0	3.0
833.0	2.0
834.0	1.0
835.0	4.0
836.0	1.0
837.0	1.0
838.0	1.0
840.0	6.0
841.0	2.0
843.0	1.0
844.0	5.0
845.0	2.0
846.0	3.0
847.0	3.0
848.0	1.0
849.0	2.0
850.0	1.0
851.0	3.0
852.0	5.0
853.0	1.0
854.0	1.0
856.0	4.0
858.0	2.0
860.0	1.0
861.0	2.0
862.0	1.0
863.0	1.0
864.0	1.0
866.0	2.0
867.0	2.0
868.0	1.0
869.0	3.0
870.0	3.0
871.0	1.0
872.0	3.0
873.0	4.0
874.0	2.0
875.0	2.0
876.0	3.0
877.0	2.0
878.0	2.0
880.0	2.0
882.0	5.0
883.0	1.0
885.0	2.0
886.0	2.0
889.0	1.0
890.0	3.0
891.0	1.0
892.0	1.0
893.0	2.0
894.0	2.0
895.0	2.0
896.0	3.0
897.0	2.0
898.0	2.0
899.0	1.0
900.0	3.0
901.0	2.0
902.0	2.0
903.0	2.0
905.0	3.0
906.0	1.0
908.0	2.0
910.0	4.0
911.0	2.0
912.0	1.0
914.0	3.0
915.0	3.0
916.0	2.0
917.0	3.0
918.0	2.0
919.0	2.0
920.0	3.0
921.0	2.0
922.0	2.0
923.0	2.0
924.0	4.0
925.0	2.0
926.0	1.0
927.0	3.0
928.0	2.0
929.0	3.0
930.0	1.0
931.0	2.0
932.0	4.0
933.0	3.0
934.0	3.0
935.0	1.0
936.0	3.0
937.0	1.0
938.0	1.0
939.0	3.0
940.0	2.0
942.0	2.0
943.0	1.0
944.0	1.0
945.0	3.0
946.0	1.0
947.0	4.0
948.0	5.0
949.0	3.0
950.0	1.0
953.0	1.0
954.0	2.0
955.0	1.0
958.0	4.0
959.0	1.0
960.0	2.0
961.0	2.0
962.0	5.0
963.0	1.0
964.0	2.0
965.0	1.0
966.0	3.0
967.0	4.0
968.0	1.0
969.0	2.0
970.0	4.0
971.0	2.0
972.0	2.0
973.0	4.0
974.0	5.0
975.0	5.0
976.0	6.0
977.0	1.0
979.0	2.0
980.0	3.0
981.0	5.0
982.0	3.0
983.0	3.0
984.0	1.0
986.0	1.0
987.0	3.0
988.0	2.0
989.0	2.0
990.0	1.0
991.0	1.0
992.0	6.0
993.0	1.0
994.0	2.0
995.0	2.0
996.0	1.0
997.0	1.0
999.0	2.0
1001.0	1.0
1003.0	1.0
1004.0	2.0
1006.0	1.0
1007.0	1.0
1009.0	1.0
1010.0	1.0
1012.0	1.0
1015.0	1.0
1016.0	3.0
1017.0	2.0
1018.0	2.0
1019.0	3.0
1021.0	2.0
1022.0	2.0
1023.0	1.0
1025.0	2.0
1026.0	3.0
1027.0	2.0
1029.0	1.0
1031.0	4.0
1035.0	2.0
1036.0	2.0
1038.0	2.0
1040.0	1.0
1041.0	3.0
1042.0	1.0
1043.0	1.0
1044.0	2.0
1046.0	4.0
1048.0	3.0
1049.0	1.0
1050.0	1.0
1051.0	3.0
1052.0	3.0
1053.0	1.0
1054.0	2.0
1055.0	3.0
1056.0	3.0
1057.0	4.0
1058.0	1.0
1059.0	1.0
1060.0	2.0
1061.0	4.0
1062.0	3.0
1063.0	4.0
1064.0	1.0
1065.0	1.0
1066.0	2.0
1067.0	2.0
1068.0	2.0
1069.0	1.0
1070.0	2.0
1071.0	2.0
1072.0	1.0
1073.0	1.0
1074.0	3.0
1076.0	3.0
1077.0	2.0
1079.0	2.0
1081.0	1.0
1087.0	1.0
1088.0	1.0
1089.0	2.0
1090.0	1.0
1091.0	4.0
1093.0	1.0
1094.0	4.0
1095.0	1.0
1096.0	1.0
1097.0	3.0
1098.0	4.0
1100.0	1.0
1102.0	1.0
1103.0	1.0
1105.0	2.0
1107.0	1.0
1108.0	1.0
1109.0	2.0
1110.0	3.0
1111.0	4.0
1112.0	3.0
1113.0	1.0
1114.0	1.0
1117.0	2.0
1118.0	5.0
1119.0	2.0
1121.0	1.0
1123.0	2.0
1124.0	3.0
1125.0	3.0
1126.0	1.0
1127.0	2.0
1128.0	2.0
1129.0	3.0
1130.0	3.0
1131.0	2.0
1132.0	2.0
1133.0	4.0
1134.0	1.0
1135.0	1.0
1136.0	1.0
1139.0	2.0
1140.0	1.0
1141.0	2.0
1143.0	2.0
1144.0	1.0
1145.0	3.0
1146.0	1.0
1147.0	1.0
1148.0	2.0
1149.0	3.0
1151.0	1.0
1152.0	1.0
1153.0	3.0
1154.0	1.0
1155.0	4.0
1156.0	2.0
1157.0	4.0
1158.0	1.0
1159.0	1.0
1160.0	2.0
1161.0	2.0
1165.0	2.0
1166.0	2.0
1167.0	2.0
1168.0	1.0
1169.0	1.0
1170.0	4.0
1172.0	6.0
1173.0	2.0
1174.0	4.0
1175.0	6.0
1176.0	2.0
1177.0	2.0
1178.0	1.0
1179.0	3.0
1180.0	1.0
1181.0	2.0
1182.0	4.0
1183.0	3.0
1184.0	5.0
1185.0	3.0
1186.0	1.0
1187.0	4.0
1188.0	1.0
1189.0	3.0
1191.0	1.0
1192.0	2.0
1193.0	1.0
1194.0	1.0
1195.0	2.0
1196.0	2.0
1197.0	4.0
1198.0	3.0
1199.0	1.0
1200.0	1.0
1201.0	1.0
1202.0	2.0
1203.0	1.0
1204.0	2.0
1205.0	1.0
1206.0	1.0
1207.0	2.0
1210.0	3.0
1211.0	3.0
1212.0	4.0
1213.0	1.0
1214.0	2.0
1215.0	1.0
1216.0	4.0
1217.0	2.0
1218.0	1.0
1219.0	3.0
1220.0	1.0
1221.0	2.0
1222.0	2.0
1223.0	3.0
1224.0	2.0
1225.0	4.0
1226.0	1.0
1227.0	3.0
1228.0	3.0
1230.0	1.0
1231.0	2.0
1232.0	1.0
1233.0	1.0
1234.0	1.0
1235.0	3.0
1236.0	2.0
1237.0	2.0
1238.0	1.0
1239.0	1.0
1240.0	2.0
1243.0	1.0
1246.0	1.0
1247.0	3.0
1248.0	3.0
1249.0	1.0
1250.0	3.0
1251.0	1.0
1252.0	1.0
1254.0	1.0
1255.0	3.0
1256.0	1.0
1258.0	1.0
1259.0	1.0
1260.0	2.0
1261.0	2.0
1262.0	4.0
1263.0	2.0
1264.0	3.0
1265.0	1.0
1267.0	1.0
1268.0	1.0
1269.0	1.0
1270.0	4.0
1271.0	2.0
1272.0	1.0
1273.0	1.0
1274.0	1.0
1275.0	6.0
1276.0	4.0
1277.0	1.0
1278.0	3.0
1279.0	1.0
1280.0	2.0
1281.0	3.0
1282.0	4.0
1284.0	2.0
1285.0	1.0
1286.0	2.0
1287.0	2.0
1288.0	1.0
1289.0	1.0
1290.0	3.0
1291.0	3.0
1293.0	1.0
1294.0	2.0
1295.0	1.0
1296.0	1.0
1298.0	1.0
1299.0	3.0
1300.0	1.0
1301.0	1.0
1302.0	4.0
1305.0	2.0
1308.0	4.0
1310.0	1.0
1312.0	2.0
1313.0	1.0
1314.0	1.0
1315.0	1.0
1318.0	1.0
1319.0	2.0
1320.0	1.0
1324.0	3.0
1325.0	1.0
1327.0	1.0
1328.0	2.0
1329.0	4.0
1330.0	2.0
1331.0	1.0
1334.0	1.0
1339.0	2.0
1340.0	1.0
1341.0	3.0
1342.0	1.0
1343.0	1.0
1344.0	1.0
1347.0	1.0
1348.0	1.0
1349.0	3.0
1352.0	3.0
1354.0	2.0
1355.0	1.0
1356.0	2.0
1357.0	3.0
1358.0	1.0
1363.0	2.0
1366.0	2.0
1370.0	1.0
1386.0	1.0
1387.0	1.0
1391.0	1.0
1398.0	1.0
1400.0	1.0
1401.0	2.0
1403.0	2.0
1407.0	2.0
1424.0	1.0
1425.0	1.0
1436.0	2.0
1441.0	2.0
1445.0	1.0
1451.0	1.0
1453.0	1.0
1460.0	1.0
1467.0	1.0
1481.0	1.0
1484.0	1.0
1485.0	1.0
1489.0	1.0
1491.0	1.0
1494.0	1.0
1496.0	1.0
1499.0	1.0
1500.0	1.0
1504.0	2.0
1505.0	2.0
1506.0	1.0
1507.0	1.0
1509.0	1.0
1513.0	1.0
1515.0	1.0
1521.0	1.0
1526.0	1.0
1527.0	1.0
1536.0	1.0
1544.0	1.0
1546.0	1.0
1550.0	1.0
1551.0	1.0
1553.0	1.0
1554.0	2.0
1557.0	1.0
1559.0	3.0
1560.0	1.0
1563.0	1.0
1564.0	2.0
1580.0	1.0
1583.0	1.0
1586.0	1.0
1590.0	1.0
1600.0	1.0
1601.0	1.0
1602.0	1.0
1605.0	1.0
1606.0	1.0
1607.0	1.0
1611.0	1.0
1624.0	1.0
1628.0	1.0
1630.0	1.0
1633.0	1.0
1637.0	1.0
1641.0	1.0
1642.0	1.0
1645.0	2.0
1646.0	1.0
1647.0	1.0
1649.0	2.0
1658.0	1.0
1660.0	1.0
1663.0	1.0
1670.0	1.0
1673.0	1.0
1678.0	3.0
1683.0	1.0
1688.0	1.0
1695.0	1.0
1713.0	1.0
1714.0	1.0
1725.0	1.0
1732.0	1.0
1734.0	1.0
1737.0	2.0
1738.0	1.0
1740.0	1.0
1741.0	4.0
1742.0	2.0
1743.0	1.0
1744.0	3.0
1746.0	1.0
1747.0	1.0
1749.0	2.0
1753.0	1.0
1757.0	2.0
1758.0	1.0
1759.0	3.0
1761.0	2.0
1762.0	1.0
1763.0	1.0
1766.0	2.0
1767.0	1.0
1768.0	3.0
1770.0	1.0
1772.0	1.0
1775.0	1.0
1777.0	1.0
1779.0	3.0
1782.0	1.0
1783.0	1.0
1784.0	1.0
1785.0	1.0
1787.0	1.0
1790.0	1.0
1797.0	1.0
