#Position (bp)	Coverage	Std
64131.5	0.0	0.0
192393.5	0.0	0.0
320655.5	0.0	0.0
448917.5	0.0	0.0
577179.5	0.0	0.0
705441.5	0.0	0.0
833703.5	0.0	0.0
961965.5	0.0	0.0
1090227.5	0.0	0.0
1218489.5	0.0	0.0
1346751.5	0.0	0.0
1475013.5	0.0	0.0
1603275.5	0.0	0.0
1731537.5	0.0	0.0
1859799.5	0.0	0.0
1988061.5	0.0	0.0
2116323.5	0.0	0.0
2244585.5	0.0	0.0
2372847.5	0.0	0.0
2501109.5	0.0	0.0
2629371.5	0.0	0.0
2757633.5	0.0	0.0
2885895.5	0.0	0.0
3014157.5	0.0	0.0
3142419.5	0.0	0.0
3270681.5	0.0	0.0
3398943.5	0.0	0.0
3527205.5	0.0	0.0
3655467.5	0.0	0.0
3783729.5	0.0	0.0
3911991.5	0.0	0.0
4040253.5	0.0	0.0
4168515.5	0.0	0.0
4296777.5	0.0	0.0
4425039.5	0.0	0.0
4553301.5	0.0	0.0
4681563.5	0.0	0.0
4809825.5	0.0	0.0
4938087.5	0.0	0.0
5066349.5	0.0	0.0
5194611.5	0.0	0.0
5322873.5	0.0	0.0
5451135.5	0.0	0.0
5579397.5	0.0	0.0
5707659.5	0.0	0.0
5835921.5	0.0	0.0
5964183.5	0.0	0.0
6092445.5	0.0	0.0
6220707.5	0.0	0.0
6348969.5	0.0	0.0
6477231.5	0.0	0.0
6605493.5	0.0	0.0
6733755.5	0.0	0.0
6862017.5	0.0	0.0
6990279.5	0.0	0.0
7118541.5	0.0	0.0
7246803.5	0.0	0.0
7375065.5	0.0	0.0
7503327.5	0.0	0.0
7631589.5	0.0	0.0
7759851.5	0.0	0.0
7888113.5	0.0	0.0
8016375.5	0.0	0.0
8144637.5	0.0	0.0
8272899.5	0.0	0.0
8401161.5	0.0	0.0
8529423.5	0.0	0.0
8657685.5	0.0	0.0
8785947.5	0.0	0.0
8914209.5	0.0	0.0
9042471.5	0.0	0.0
9170733.5	0.0	0.0
9298995.5	0.0	0.0
9427257.5	0.0	0.0
9555519.5	0.0	0.0
9683781.5	0.0	0.0
9812043.5	0.0	0.0
9940305.5	0.0	0.0
1.00685675E7	0.0	0.0
1.01968295E7	0.0	0.0
1.03250915E7	0.0	0.0
1.04533535E7	0.0	0.0
1.05816155E7	0.0	0.0
1.07098775E7	0.0	0.0
1.08381395E7	0.0	0.0
1.09664015E7	0.0	0.0
1.10946635E7	0.0	0.0
1.12229255E7	0.0	0.0
1.13511875E7	0.0	0.0
1.14794495E7	0.0	0.0
1.16077115E7	0.0	0.0
1.17359735E7	0.0	0.0
1.18642355E7	0.0	0.0
1.19924975E7	0.0	0.0
1.21207595E7	0.0	0.0
1.22490215E7	0.0	0.0
1.23772835E7	0.0	0.0
1.25055455E7	0.0	0.0
1.26338075E7	0.0	0.0
1.27620695E7	0.0	0.0
1.28903315E7	0.0	0.0
1.30185935E7	0.0	0.0
1.31468555E7	0.0	0.0
1.32751175E7	0.0	0.0
1.34033795E7	0.0	0.0
1.35316415E7	0.0	0.0
1.36599035E7	0.0	0.0
1.37881655E7	0.0	0.0
1.39164275E7	0.0	0.0
1.40446895E7	0.0	0.0
1.41729515E7	0.0	0.0
1.43012135E7	0.0	0.0
1.44294755E7	0.0	0.0
1.45577375E7	0.0	0.0
1.46859995E7	0.0	0.0
1.48142615E7	0.0	0.0
1.49425235E7	0.0	0.0
1.50707855E7	0.0	0.0
1.51990475E7	0.0	0.0
1.53273095E7	0.0	0.0
1.54555715E7	0.0	0.0
1.55838335E7	0.0	0.0
1.57120955E7	0.0	0.0
1.58403575E7	0.0	0.0
1.59686195E7	0.0	0.0
1.60968815E7	3.850875551605308	4.4075072289424435
1.62251435E7	12.130116480329326	4.243022903690829
1.63534055E7	5.224478021549641	0.7194040716259358
1.64816675E7	1.8236110461399324	0.2307266457289927
1.66099295E7	0.09979573061389968	0.5897091953019077
1.67381915E7	0.08378943100840468	0.5892330473071926
1.68664535E7	0.01144532285478162	0.11767182170204803
1.69947155E7	0.13943334736710794	0.8054745167366631
1.71229775E7	0.2332023514369026	1.2022028400464715
1.72512395E7	0.22153092887994885	0.24969770124958032
1.73795015E7	0.44444184559729305	0.9164595033266767
1.75077635E7	35.191904071353946	33.26924879348466
1.76360255E7	152.25731705415478	88.37587083327439
1.77642875E7	14.65971215168951	0.8909397746170429
1.78925495E7	6.060774040635574	0.16563824853387035
1.80208115E7	2.652344420015281	0.09522277937157311
1.81490735E7	0.0	0.0
1.82773355E7	0.0	0.0
1.84055975E7	0.0	0.0
1.85338595E7	0.23760739735853176	0.020895126738926736
1.86621215E7	0.6267015951723816	0.012487226637016654
1.87903835E7	0.0	0.0
1.89186455E7	0.0	0.0
1.90469075E7	0.0	0.0
1.91751695E7	0.0	0.0
1.93034315E7	0.0	0.0
1.94316935E7	0.0	0.0
1.95599555E7	0.0	0.0
1.96882175E7	0.0	0.0
1.98164795E7	0.0	0.0
1.99447415E7	0.0	0.0
2.00730035E7	0.0	0.0
2.02012655E7	0.0	0.0
2.03295275E7	0.0	0.0
2.04577895E7	0.0	0.0
2.05860515E7	0.0	0.0
2.07143135E7	0.0	0.0
2.08425755E7	0.0023701486020801174	0.06367261229280352
2.09708375E7	0.0	0.0
2.10990995E7	0.0	0.0
2.12273615E7	0.0011694812181316369	0.047876749968413776
2.13556235E7	0.0	0.0
2.14838855E7	0.0	0.0
2.16121475E7	0.0	0.0
2.17404095E7	0.0	0.0
2.18686715E7	0.0	0.0
2.19969335E7	0.0	0.0
2.21251955E7	0.5210038826776442	0.024342085993604354
2.22534575E7	0.0	0.0
2.23817195E7	5.613509847031857E-4	0.02369284669901837
2.25099815E7	0.0029159065038748813	0.0723828422848242
2.26382435E7	0.03423461352544011	0.32790563153904917
2.27665055E7	0.0	0.0
2.28947675E7	5.925371505200294E-4	0.024342085993604354
2.30230295E7	0.0	0.0
2.31512915E7	0.0	0.0
2.32795535E7	0.0	0.0
2.34078155E7	0.0	0.0
2.35360775E7	0.0	0.0
2.36643395E7	0.0	0.0
2.37926015E7	0.0	0.0
2.39208635E7	0.0	0.0
2.40491255E7	0.0011850743010400587	0.034424908148607436
2.41773875E7	0.0	0.0
2.43056495E7	0.0	0.0
2.44339115E7	0.0	0.0
2.45621735E7	0.0011850743010400587	0.034424908148607436
2.46904355E7	0.0	0.0
2.48186975E7	0.0011850743010400587	0.034424908148607436
2.49469595E7	0.0	0.0
2.50752215E7	0.0	0.0
2.52034835E7	0.0	0.0
2.53317455E7	0.22404141522820478	0.02162851098094029
2.54600075E7	0.0752288284916811	0.011168915044326131
2.55882695E7	0.0	0.0
2.57165315E7	0.0	0.0
2.58447935E7	5.535544432489748E-4	0.023527737741843663
2.59730555E7	0.0	0.0
2.61013175E7	0.0	0.0
2.62295795E7	0.0	0.0
2.63578415E7	0.0	0.0
2.64861035E7	0.0	0.0
2.66143655E7	0.0032277681620433178	0.04738569339803674
2.67426275E7	0.0	0.0
2.68708895E7	0.0	0.0
2.69991515E7	0.0	0.0
2.71274135E7	0.0	0.0
2.72556755E7	0.0	0.0
2.73839375E7	0.0	0.0
2.75121995E7	0.0	0.0
2.76404615E7	0.0	0.0
2.77687235E7	0.0	0.0
2.78969855E7	0.0	0.0
2.80252475E7	0.0	0.0
2.81535095E7	0.0	0.0
2.82817715E7	0.0	0.0
2.84100335E7	0.0	0.0
2.85382955E7	0.0011850743010400587	0.04868417198720871
2.86665575E7	0.047278227378334974	0.017659605266495525
2.87948195E7	0.34170681885515586	0.0450233359281033
2.89230815E7	0.3659540627777518	0.03419767854886698
2.90513435E7	0.24311175562520465	0.07129758080149365
2.91796055E7	0.32175546927383014	0.019744038915848642
2.93078675E7	1.0	0.0
2.94361295E7	0.7211566948901468	0.014237628939169742
2.95643915E7	0.0	0.0
2.96926535E7	0.0	0.0
2.98209155E7	0.0	0.0
2.99491775E7	5.925371505200294E-4	0.024342085993604354
3.00774395E7	0.0	0.0
3.02057015E7	0.0	0.0
3.03339635E7	5.925371505200294E-4	0.024342085993604354
3.04622255E7	0.0	0.0
3.05904875E7	0.0	0.0
3.07187495E7	5.847406090658184E-4	0.024181410402741573
3.08470115E7	0.08386739642294679	0.03419767854886698
3.09752735E7	0.0	0.0
3.11035355E7	0.0	0.0
3.12317975E7	0.0	0.0
3.13600595E7	0.0	0.0
3.14883215E7	0.0	0.0
3.16165835E7	0.0	0.0
3.17448455E7	0.0	0.0
3.18731075E7	0.0	0.0
3.20013695E7	0.0	0.0
3.21296315E7	0.0	0.0
3.22578935E7	0.0	0.0
3.23861555E7	0.0	0.0
3.25144175E7	0.0	0.0
3.26426795E7	0.0	0.0
3.27709415E7	0.0	0.0
3.28992035E7	5.925371505200294E-4	0.024342085993604354
3.30274655E7	0.057819151424428124	0.024342085993604354
3.31557275E7	0.0	0.0
3.32839895E7	0.0	0.0
3.34122515E7	0.0	0.0
3.35405135E7	0.0	0.0
3.36687755E7	0.0	0.0
3.37970375E7	0.0	0.0
3.39252995E7	0.0	0.0
3.40535615E7	0.0	0.0
3.41818235E7	0.0	0.0
3.43100855E7	0.0	0.0
3.44383475E7	0.0	0.0
3.45666095E7	0.0	0.0
3.46948715E7	0.0	0.0
3.48231335E7	0.0	0.0
3.49513955E7	0.0029626857526001468	0.05443055899584485
3.50796575E7	0.0023701486020801174	0.05962568995927993
3.52079195E7	0.0017776114515600878	0.04216172970313348
3.53361815E7	0.0	0.0
3.54644435E7	0.0011850743010400587	0.034424908148607436
3.55927055E7	5.925371505200294E-4	0.024342085993604354
3.57209675E7	0.011016513074800019	0.024342085993604354
3.58492295E7	0.0	0.0
3.59774915E7	0.0	0.0
3.61057535E7	5.925371505200294E-4	0.024342085993604354
3.62340155E7	0.0	0.0
3.63622775E7	0.0	0.0
3.64905395E7	0.0	0.0
3.66188015E7	0.0	0.0
3.67470635E7	0.0	0.0
3.68753255E7	0.0	0.0
3.70035875E7	0.0	0.0
3.71318495E7	0.0	0.0
3.72601115E7	0.0	0.0
3.73883735E7	0.0	0.0
3.75166355E7	0.0	0.0
3.76448975E7	0.0	0.0
3.77731595E7	0.0	0.0
3.79014215E7	0.36114359670050367	0.024342085993604354
3.80296835E7	0.0	0.0
3.81579455E7	0.0	0.0
3.82862075E7	0.0011850743010400587	0.048362820805483146
3.84144695E7	0.0	0.0
3.85427315E7	0.0	0.0
3.86709935E7	0.0	0.0
3.87992555E7	0.020738800268201026	0.31118008429412625
3.89275175E7	5.769440676116075E-4	0.0240196600228148
3.90557795E7	0.0	0.0
3.91840415E7	0.0	0.0
3.93123035E7	0.0	0.0
3.94405655E7	0.0	0.0
3.95688275E7	0.0	0.0
3.96970895E7	5.925371505200294E-4	0.024342085993604354
3.98253515E7	0.0	0.0
3.99536135E7	0.0	0.0
4.00818755E7	0.0	0.0
4.02101375E7	0.0011850743010400587	0.034424908148607436
4.03383995E7	0.0	0.0
4.04666615E7	0.0	0.0
4.05949235E7	0.0	0.0
4.07231855E7	0.0	0.0
4.08514475E7	0.0	0.0
4.09797095E7	0.0	0.0
4.11079715E7	0.0	0.0
4.12362335E7	0.0	0.0
4.13644955E7	0.0	0.0
4.14927575E7	0.0	0.0
4.16210195E7	0.26917559370663174	0.030587333563181173
4.17492815E7	0.072453259733982	0.02901769248328989
4.18775435E7	0.0	0.0
4.20058055E7	0.06702686688185121	0.024342085993604354
4.21340675E7	0.0	0.0
4.22623295E7	6.003336919742403E-4	0.024342085993604354
4.23905915E7	5.925371505200294E-4	0.024342085993604354
4.25188535E7	0.0	0.0
4.26471155E7	0.0	0.0
4.27753775E7	0.0	0.0
4.29036395E7	5.30164818886342E-4	0.0230253082256534
4.30319015E7	0.0	0.0
4.31601635E7	0.07569662097893375	0.024342085993604354
4.32884255E7	5.925371505200294E-4	0.024342085993604354
4.34166875E7	0.24867068968205705	0.024342085993604354
4.35449495E7	0.0	0.0
4.36732115E7	0.0	0.0
4.38014735E7	0.0	0.0
4.39297355E7	0.0	0.0
4.40579975E7	0.0	0.0
4.41862595E7	0.0	0.0
4.43145215E7	0.0	0.0
4.44427835E7	0.0	0.0
4.45710455E7	0.0	0.0
4.46993075E7	0.0	0.0
4.48275695E7	0.0	0.0
4.49558315E7	0.0	0.0
4.50840935E7	0.0	0.0
4.52123555E7	0.0	0.0
4.53406175E7	0.0	0.0
4.54688795E7	0.0	0.0
4.55971415E7	0.0	0.0
4.57254035E7	0.42113798319065665	0.024974453274033307
4.58536655E7	0.4084919929519265	0.04179025347785347
4.59819275E7	0.0	0.0
4.61101895E7	0.0	0.0
4.62384515E7	0.0	0.0
4.63667135E7	0.0	0.0
4.64949755E7	0.0	0.0
4.66232375E7	5.847406090658184E-4	0.024181410402741573
4.67514995E7	5.223682774321311E-4	0.022855377429220704
4.68797615E7	0.0	0.0
4.70080235E7	0.0	0.0
4.71362855E7	0.0	0.0
4.72645475E7	0.0	0.0
4.73928095E7	0.0	0.0
4.75210715E7	0.0	0.0
4.76493335E7	5.925371505200294E-4	0.024342085993604354
4.77775955E7	0.0011850743010400587	0.034424908148607436
4.79058575E7	0.0	0.0
4.80341195E7	0.0	0.0
4.81623815E7	0.0	0.0
4.82906435E7	0.0	0.0
4.84189055E7	0.0	0.0
4.85471675E7	5.925371505200294E-4	0.024342085993604354
4.86754295E7	0.0	0.0
4.88036915E7	0.0	0.0
4.89319535E7	0.0	0.0
4.90602155E7	0.0	0.0
4.91884775E7	0.0	0.0
4.93167395E7	0.0	0.0
4.94450015E7	0.0011772777595858478	0.03431148145425737
4.95732635E7	0.0	0.0
4.97015255E7	0.0	0.0
4.98297875E7	0.0	0.0
4.99580495E7	0.0	0.0
5.00863115E7	0.0	0.0
5.02145735E7	0.0	0.0
5.03428355E7	0.0	0.0
5.04710975E7	0.0	0.0
5.05993595E7	0.0	0.0
5.07276215E7	0.0	0.0
5.08558835E7	5.769440676116075E-4	0.0240196600228148
5.09841455E7	0.0	0.0
5.11124075E7	0.0	0.0
5.12405525E7	0.0	0.0
