#Coverage	Number of genomic locations
0.0	5.1085883E7
1.0	65407.0
2.0	30341.0
3.0	15812.0
4.0	10832.0
5.0	8279.0
6.0	7580.0
7.0	5773.0
8.0	5223.0
9.0	4331.0
10.0	3692.0
11.0	2932.0
12.0	2900.0
13.0	2586.0
14.0	2372.0
15.0	2357.0
16.0	2077.0
17.0	2102.0
18.0	2090.0
19.0	1735.0
20.0	1607.0
21.0	1383.0
22.0	1334.0
23.0	1302.0
24.0	1133.0
25.0	1034.0
26.0	1060.0
27.0	935.0
28.0	945.0
29.0	909.0
30.0	786.0
31.0	678.0
32.0	600.0
33.0	594.0
34.0	595.0
35.0	570.0
36.0	516.0
37.0	590.0
38.0	557.0
39.0	474.0
40.0	490.0
41.0	450.0
42.0	432.0
43.0	427.0
44.0	440.0
45.0	407.0
46.0	377.0
47.0	403.0
48.0	470.0
49.0	389.0
50.0	450.0
51.0	467.0
52.0	421.0
53.0	354.0
54.0	371.0
55.0	411.0
56.0	350.0
57.0	368.0
58.0	384.0
59.0	343.0
60.0	396.0
61.0	389.0
62.0	316.0
63.0	330.0
64.0	330.0
65.0	309.0
66.0	307.0
67.0	297.0
68.0	267.0
69.0	280.0
70.0	263.0
71.0	247.0
72.0	262.0
73.0	208.0
74.0	205.0
75.0	193.0
76.0	191.0
77.0	207.0
78.0	214.0
79.0	182.0
80.0	160.0
81.0	178.0
82.0	160.0
83.0	137.0
84.0	146.0
85.0	145.0
86.0	185.0
87.0	154.0
88.0	123.0
89.0	121.0
90.0	132.0
91.0	125.0
92.0	106.0
93.0	96.0
94.0	94.0
95.0	90.0
96.0	94.0
97.0	82.0
98.0	99.0
99.0	86.0
100.0	83.0
101.0	123.0
102.0	74.0
103.0	77.0
104.0	92.0
105.0	106.0
106.0	97.0
107.0	93.0
108.0	98.0
109.0	70.0
110.0	78.0
111.0	58.0
112.0	54.0
113.0	55.0
114.0	70.0
115.0	68.0
116.0	56.0
117.0	58.0
118.0	54.0
119.0	63.0
120.0	60.0
121.0	59.0
122.0	87.0
123.0	62.0
124.0	74.0
125.0	71.0
126.0	67.0
127.0	67.0
128.0	79.0
129.0	67.0
130.0	61.0
131.0	50.0
132.0	51.0
133.0	64.0
134.0	33.0
135.0	47.0
136.0	52.0
137.0	44.0
138.0	50.0
139.0	49.0
140.0	39.0
141.0	38.0
142.0	29.0
143.0	44.0
144.0	44.0
145.0	49.0
146.0	32.0
147.0	30.0
148.0	36.0
149.0	34.0
150.0	38.0
151.0	48.0
152.0	35.0
153.0	25.0
154.0	31.0
155.0	41.0
156.0	31.0
157.0	22.0
158.0	27.0
159.0	32.0
160.0	33.0
161.0	25.0
162.0	13.0
163.0	20.0
164.0	23.0
165.0	16.0
166.0	17.0
167.0	15.0
168.0	14.0
169.0	14.0
170.0	24.0
171.0	22.0
172.0	17.0
173.0	19.0
174.0	10.0
175.0	16.0
176.0	21.0
177.0	22.0
178.0	9.0
179.0	13.0
180.0	20.0
181.0	15.0
182.0	15.0
183.0	11.0
184.0	21.0
185.0	8.0
186.0	14.0
187.0	12.0
188.0	17.0
189.0	16.0
190.0	16.0
191.0	19.0
192.0	20.0
193.0	23.0
194.0	16.0
195.0	16.0
196.0	17.0
197.0	15.0
198.0	19.0
199.0	18.0
200.0	21.0
201.0	21.0
202.0	18.0
203.0	19.0
204.0	14.0
205.0	11.0
206.0	5.0
207.0	10.0
208.0	17.0
209.0	13.0
210.0	9.0
211.0	19.0
212.0	14.0
213.0	11.0
214.0	11.0
215.0	13.0
216.0	5.0
217.0	13.0
218.0	7.0
219.0	8.0
220.0	11.0
221.0	14.0
222.0	9.0
223.0	15.0
224.0	15.0
225.0	15.0
226.0	15.0
227.0	17.0
228.0	19.0
229.0	14.0
230.0	14.0
231.0	10.0
232.0	18.0
233.0	19.0
234.0	8.0
235.0	10.0
236.0	16.0
237.0	13.0
238.0	21.0
239.0	9.0
240.0	10.0
241.0	16.0
242.0	9.0
243.0	8.0
244.0	11.0
245.0	8.0
246.0	11.0
247.0	8.0
248.0	4.0
249.0	5.0
250.0	6.0
251.0	7.0
252.0	5.0
253.0	7.0
254.0	3.0
255.0	3.0
256.0	3.0
257.0	5.0
258.0	7.0
259.0	9.0
260.0	6.0
261.0	6.0
262.0	5.0
263.0	7.0
264.0	4.0
265.0	3.0
266.0	4.0
267.0	5.0
268.0	8.0
269.0	4.0
270.0	5.0
271.0	4.0
272.0	4.0
273.0	8.0
274.0	6.0
275.0	5.0
276.0	1.0
277.0	2.0
278.0	3.0
279.0	3.0
280.0	5.0
281.0	7.0
282.0	3.0
283.0	5.0
284.0	5.0
285.0	3.0
286.0	8.0
287.0	3.0
288.0	3.0
289.0	1.0
290.0	3.0
291.0	3.0
293.0	2.0
294.0	1.0
295.0	3.0
296.0	6.0
297.0	5.0
298.0	2.0
299.0	3.0
300.0	4.0
301.0	3.0
302.0	3.0
303.0	3.0
304.0	1.0
305.0	2.0
307.0	3.0
308.0	1.0
309.0	3.0
310.0	3.0
311.0	3.0
312.0	2.0
314.0	3.0
316.0	3.0
317.0	5.0
319.0	3.0
320.0	1.0
321.0	4.0
322.0	2.0
323.0	3.0
324.0	4.0
325.0	5.0
326.0	4.0
327.0	2.0
328.0	4.0
329.0	2.0
330.0	7.0
331.0	6.0
332.0	6.0
333.0	6.0
334.0	2.0
335.0	8.0
336.0	7.0
337.0	3.0
338.0	3.0
339.0	2.0
340.0	1.0
341.0	2.0
342.0	4.0
343.0	2.0
344.0	4.0
345.0	3.0
346.0	8.0
347.0	1.0
348.0	4.0
349.0	4.0
351.0	3.0
352.0	3.0
353.0	2.0
354.0	3.0
355.0	4.0
356.0	3.0
357.0	2.0
358.0	1.0
359.0	4.0
360.0	2.0
361.0	2.0
362.0	1.0
363.0	1.0
364.0	1.0
365.0	4.0
366.0	1.0
367.0	7.0
368.0	4.0
369.0	1.0
370.0	1.0
371.0	1.0
372.0	2.0
373.0	1.0
374.0	2.0
375.0	2.0
376.0	5.0
377.0	4.0
378.0	2.0
379.0	2.0
380.0	2.0
381.0	4.0
382.0	3.0
383.0	4.0
384.0	2.0
385.0	4.0
386.0	5.0
387.0	2.0
388.0	5.0
389.0	5.0
390.0	2.0
391.0	4.0
392.0	6.0
393.0	2.0
394.0	5.0
395.0	5.0
396.0	3.0
397.0	1.0
398.0	3.0
399.0	2.0
400.0	2.0
401.0	2.0
402.0	2.0
403.0	2.0
404.0	2.0
405.0	1.0
406.0	1.0
408.0	1.0
410.0	3.0
411.0	2.0
412.0	2.0
413.0	5.0
414.0	3.0
415.0	3.0
416.0	3.0
417.0	9.0
418.0	4.0
419.0	3.0
420.0	3.0
421.0	3.0
422.0	10.0
423.0	2.0
424.0	3.0
425.0	3.0
426.0	7.0
427.0	1.0
428.0	5.0
429.0	2.0
431.0	2.0
432.0	3.0
433.0	5.0
434.0	4.0
435.0	4.0
436.0	9.0
437.0	3.0
438.0	4.0
439.0	3.0
440.0	4.0
441.0	1.0
442.0	7.0
443.0	4.0
444.0	6.0
445.0	1.0
446.0	4.0
447.0	3.0
448.0	7.0
449.0	11.0
450.0	8.0
451.0	9.0
452.0	5.0
453.0	10.0
454.0	9.0
455.0	4.0
456.0	6.0
457.0	5.0
458.0	5.0
460.0	1.0
461.0	4.0
462.0	1.0
463.0	2.0
464.0	6.0
465.0	6.0
466.0	4.0
467.0	5.0
468.0	5.0
469.0	6.0
470.0	2.0
471.0	3.0
472.0	3.0
473.0	5.0
474.0	4.0
475.0	3.0
476.0	4.0
477.0	3.0
478.0	5.0
480.0	3.0
482.0	2.0
483.0	1.0
484.0	4.0
485.0	2.0
487.0	5.0
488.0	3.0
489.0	6.0
490.0	4.0
491.0	4.0
492.0	3.0
493.0	5.0
494.0	2.0
495.0	1.0
496.0	3.0
497.0	2.0
498.0	4.0
499.0	2.0
500.0	1.0
501.0	1.0
502.0	3.0
503.0	2.0
504.0	3.0
506.0	4.0
507.0	5.0
508.0	4.0
509.0	3.0
510.0	9.0
511.0	6.0
512.0	4.0
513.0	5.0
514.0	8.0
515.0	6.0
516.0	6.0
517.0	4.0
518.0	6.0
519.0	3.0
520.0	3.0
521.0	4.0
522.0	4.0
523.0	2.0
524.0	5.0
525.0	4.0
526.0	3.0
527.0	1.0
528.0	1.0
529.0	5.0
531.0	1.0
532.0	1.0
533.0	1.0
535.0	2.0
536.0	1.0
537.0	3.0
538.0	1.0
540.0	1.0
542.0	3.0
543.0	1.0
544.0	1.0
545.0	2.0
546.0	5.0
547.0	2.0
548.0	6.0
549.0	1.0
550.0	6.0
551.0	1.0
552.0	2.0
553.0	4.0
554.0	2.0
555.0	2.0
556.0	7.0
557.0	4.0
558.0	1.0
559.0	3.0
560.0	3.0
561.0	4.0
562.0	1.0
563.0	1.0
564.0	2.0
565.0	1.0
566.0	1.0
567.0	2.0
568.0	4.0
569.0	1.0
570.0	4.0
571.0	2.0
572.0	3.0
573.0	1.0
574.0	2.0
575.0	3.0
576.0	3.0
577.0	3.0
579.0	4.0
580.0	2.0
582.0	3.0
583.0	2.0
584.0	1.0
586.0	1.0
587.0	4.0
588.0	1.0
591.0	2.0
592.0	2.0
593.0	2.0
594.0	3.0
595.0	5.0
598.0	1.0
600.0	1.0
602.0	1.0
603.0	2.0
604.0	2.0
605.0	1.0
606.0	2.0
608.0	2.0
612.0	3.0
613.0	2.0
615.0	4.0
616.0	2.0
617.0	2.0
618.0	3.0
619.0	1.0
620.0	1.0
621.0	1.0
623.0	3.0
624.0	1.0
625.0	1.0
626.0	1.0
627.0	4.0
628.0	2.0
629.0	1.0
630.0	3.0
632.0	3.0
633.0	4.0
634.0	5.0
635.0	2.0
636.0	9.0
637.0	4.0
638.0	2.0
639.0	1.0
640.0	4.0
641.0	4.0
642.0	3.0
643.0	4.0
644.0	1.0
645.0	2.0
646.0	3.0
647.0	3.0
648.0	2.0
649.0	6.0
650.0	4.0
651.0	3.0
652.0	4.0
653.0	3.0
654.0	1.0
655.0	7.0
656.0	5.0
657.0	1.0
658.0	1.0
659.0	3.0
660.0	3.0
661.0	2.0
662.0	4.0
664.0	3.0
665.0	5.0
666.0	5.0
667.0	2.0
668.0	1.0
669.0	5.0
670.0	5.0
671.0	2.0
672.0	1.0
673.0	1.0
674.0	1.0
675.0	3.0
676.0	3.0
677.0	3.0
678.0	2.0
679.0	2.0
680.0	1.0
681.0	7.0
682.0	5.0
683.0	6.0
684.0	5.0
685.0	3.0
686.0	3.0
687.0	5.0
688.0	2.0
689.0	3.0
690.0	5.0
691.0	5.0
692.0	1.0
693.0	1.0
694.0	4.0
695.0	8.0
696.0	9.0
697.0	4.0
698.0	5.0
699.0	3.0
700.0	4.0
701.0	3.0
702.0	3.0
703.0	2.0
704.0	2.0
705.0	5.0
706.0	3.0
707.0	1.0
708.0	2.0
709.0	3.0
710.0	6.0
711.0	4.0
712.0	7.0
714.0	4.0
715.0	2.0
716.0	2.0
717.0	5.0
718.0	2.0
719.0	4.0
720.0	1.0
721.0	2.0
722.0	2.0
723.0	3.0
724.0	1.0
725.0	1.0
726.0	4.0
727.0	4.0
728.0	5.0
729.0	1.0
730.0	8.0
731.0	6.0
732.0	2.0
733.0	6.0
734.0	3.0
735.0	3.0
736.0	1.0
737.0	4.0
738.0	3.0
739.0	5.0
740.0	3.0
741.0	3.0
742.0	4.0
743.0	2.0
744.0	4.0
745.0	1.0
746.0	2.0
747.0	3.0
748.0	4.0
749.0	3.0
750.0	2.0
753.0	2.0
754.0	1.0
756.0	2.0
758.0	3.0
762.0	2.0
764.0	1.0
766.0	2.0
767.0	1.0
775.0	1.0
776.0	1.0
777.0	1.0
778.0	1.0
779.0	1.0
781.0	1.0
782.0	2.0
783.0	2.0
784.0	1.0
785.0	4.0
786.0	1.0
787.0	2.0
788.0	4.0
789.0	4.0
790.0	4.0
791.0	1.0
792.0	2.0
793.0	2.0
794.0	1.0
796.0	1.0
797.0	4.0
798.0	3.0
802.0	2.0
803.0	3.0
804.0	1.0
805.0	1.0
806.0	1.0
807.0	2.0
808.0	1.0
809.0	1.0
810.0	2.0
811.0	2.0
812.0	1.0
813.0	1.0
815.0	1.0
816.0	1.0
817.0	2.0
818.0	1.0
820.0	2.0
821.0	1.0
823.0	2.0
825.0	3.0
827.0	2.0
828.0	1.0
829.0	1.0
832.0	2.0
834.0	1.0
835.0	4.0
837.0	2.0
838.0	2.0
839.0	3.0
840.0	3.0
843.0	2.0
844.0	1.0
845.0	1.0
846.0	2.0
848.0	3.0
849.0	2.0
850.0	1.0
851.0	3.0
852.0	1.0
854.0	1.0
855.0	2.0
857.0	1.0
859.0	2.0
862.0	1.0
863.0	2.0
865.0	1.0
868.0	1.0
870.0	2.0
871.0	1.0
872.0	1.0
874.0	1.0
875.0	1.0
876.0	2.0
877.0	3.0
878.0	1.0
879.0	3.0
880.0	2.0
883.0	1.0
885.0	1.0
886.0	1.0
887.0	2.0
888.0	1.0
889.0	1.0
890.0	3.0
891.0	2.0
895.0	2.0
897.0	1.0
904.0	1.0
905.0	1.0
911.0	1.0
925.0	1.0
927.0	1.0
942.0	1.0
943.0	1.0
945.0	2.0
947.0	3.0
951.0	1.0
952.0	3.0
953.0	3.0
954.0	3.0
955.0	3.0
956.0	3.0
957.0	5.0
958.0	1.0
959.0	5.0
960.0	1.0
961.0	4.0
962.0	1.0
963.0	3.0
964.0	1.0
966.0	1.0
968.0	4.0
969.0	2.0
970.0	4.0
978.0	1.0
